411
1435
247
325
518
198
1704
507
584
998
79
39
2596
653
0
60
1205
1942
2198
1177
1452
1164
619
149
1438
71
614
482
824
1641
1043
1214
2744
376
816
456
454
655
1761
1743
1011
546
258
907
1566
1274
1581
945
798
485
126
189
1099
264
1724
998
697
1247
337
31
302
529
50
411
987
3272
2198
31
760
171
166
250
337
948
2027
1193
541
30
288
19
467
443
63
909
357
4
1282
178
182
608
674
1677
520
526
364
2571
330
535
75
401
148
84
181
242
2524
164
437
198
457
56
366
85
967
1017
1299
345
3575
456
84
565
857
893
549
342
1573
1314
1783
1096
398
625
2211
486
626
872
1662
1126
274
479
163
99
143
70
107
4
416
445
1773
1758
415
338
275
2020
1354
427
832
326
530
428
1232
87
382
2370
688
88
957
2238
1540
348
107
642
49
1263
300
890
35
542
1225
16
167
505
333
1267
1090
624
251
159
240
599
145
9
930
688
380
985
130
1372
1151
1451
201
1181
984
28
889
701
940
24
1457
95
67
999
837
156
1130
6
268
358
966
1557
1282
37
22
126
388
176
346
1258
563
524
726
107
1144
390
218
1780
2078
403
943
402
75
99
554
1037
851
779
198
849
697
1305
223
15
569
959
9
21
91
913
487
204
164
666
205
243
806
235
186
874
704
2013
600
310
476
513
1882
561
265
3386
65
399
387
399
1
135
1099
750
2014
1382
139
830
263
5499
45
401
143
1313
369
32
6
650
614
179
1436
1254
368
237
258
126
62
1992
8
29
308
409
2099
286
556
1026
320
331
338
491
75
1693
2444
119
789
658
538
384
573
2359
1012
1266
147
733
2550
310
76
1976
1220
418
377
2296
891
266
790
706
2032
566
1687
13
709
1269
26
954
910
1673
420
589
591
127
628
1621
155
446
2113
1327
1201
81
196
301
917
92
124
623
2545
1741
135
59
1447
3802
132
651
181
407
1128
825
165
1603
160
113
814
467
440
158
286
522
694
38
306
11
1257
466
1075
924
2709
776
801
11
755
471
352
588
220
134
25
253
138
48
1239
876
224
1004
1359
55
110
318
64
124
524
1425
1175
322
115
525
542
2350
1910
728
204
433
198
1475
2249
1208
1046
89
1576
850
79
941
238
106
2146
402
623
707
269
60
499
467
98
1145
682
45
1549
75
224
491
1237
649
191
1260
3605
100
1056
117
139
106
507
440
110
3071
631
664
1569
40
3683
1
661
1983
178
817
239
469
451
219
17
1741
1063
650
128
39
47
142
46
595
1701
3002
282
387
357
28
496
207
991
1751
2479
7
93
344
1157
79
736
782
901
2795
1446
188
978
314
274
991
573
1023
642
190
2624
725
858
2735
388
17
144
132
714
245
796
227
765
4142
693
18
622
130
614
482
1741
3212
395
1029
140
1976
1941
657
1948
1380
390
85
325
401
1150
223
23
143
778
284
9
33
376
64
323
583
559
1454
23
1583
169
26
793
89
738
693
368
778
1938
585
264
275
38
428
225
398
889
2863
769
100
6
681
348
393
1387
294
208
269
347
503
616
577
852
306
476
1028
14
845
234
19
1669
606
1563
714
981
684
2687
745
496
2062
694
361
6
74
880
435
36
1597
1267
74
1008
874
1708
270
11
249
96
1502
11
400
351
546
1138
1318
2601
215
924
2289
284
651
136
1459
448
107
1718
169
16
308
334
436
507
1096
1737
51
460
1957
192
740
238
182
1333
2418
696
157
696
933
729
1084
124
165
568
2055
527
48
3034
253
406
71
267
1719
84
18
442
68
320
316
140
245
50
420
1703
937
1118
1630
200
154
395
1042
228
50
844
118
49
548
94
1059
500
714
408
140
1053
1670
169
0
1188
2971
1473
732
86
419
271
1620
274
272
Priemerny pocet mnichov je 726
