303
34
33
1773
27
1729
3685
187
107
813
51
527
475
38
309
1129
3001
76
643
288
489
230
67
13
79
473
1255
2
644
1004
938
576
2096
273
63
880
86
15
24
28
13
257
54
157
384
167
3382
107
34
37
583
26
943
673
470
88
268
59
146
214
216
701
147
115
74
868
8
34
71
656
544
113
363
58
3217
497
86
781
119
13
1035
24
102
288
7
415
82
17
18
1358
118
1299
498
1322
171
860
61
12
48
649
2933
117
89
18
170
191
228
438
8
101
1056
312
57
875
148
347
49
663
507
386
2678
45
208
225
120
620
9
73
93
32
29
622
270
423
43
456
137
217
243
24
647
48
13
1123
2610
139
186
44
21
906
196
261
539
43
206
1257
93
335
237
118
189
2927
1853
1778
235
46
1724
212
823
207
772
845
2112
1297
23
81
155
317
526
34
1536
69
448
76
101
430
19
66
140
262
40
195
7
105
19
142
83
39
1117
38
36
20
482
1058
1394
38
165
16
127
981
163
87
67
1103
109
27
279
1216
85
346
332
124
77
48
86
37
181
1014
101
869
58
167
17
266
1238
523
13
968
16
54
36
32
479
24
112
1267
81
28
744
38
61
109
3603
274
209
998
190
172
709
274
187
149
43
96
178
176
955
69
36
146
146
5993
62
289
103
248
20
162
1257
209
3698
590
431
163
107
265
32
16
24
85
19
101
172
7
45
939
30
154
220
61
124
229
105
73
134
1051
40
82
59
28
95
126
24
28
216
149
16
183
39
24
416
54
361
18
11
3137
35
155
247
869
88
214
83
4010
1523
99
55
61
105
46
558
2258
20
217
610
10
100
18
21
156
125
251
34
29
69
18
1590
10
198
525
50
455
2252
341
115
98
917
532
194
2583
157
157
328
58
64
27
55
112
8
159
135
23
322
590
484
2028
488
400
298
280
898
160
4
106
20
508
203
145
59
54
165
2461
131
1905
2349
470
1685
2687
165
67
22
3618
5
69
249
82
107
406
49
378
521
900
223
35
56
195
142
200
39
822
11
61
47
48
477
486
299
104
332
55
213
1359
149
602
34
269
437
97
1676
101
1528
159
68
32
28
173
1059
608
175
25
435
445
86
62
9
1270
331
71
1093
431
22
78
271
660
71
74
17
1135
80
1147
88
1218
41
83
1503
26
184
824
900
30
34
39
145
617
36
145
1118
277
393
28
187
25
82
120
25
503
196
886
36
79
889
55
70
23
559
272
38
2708
14
40
75
29
5
527
36
117
39
163
361
364
138
12
29
506
74
172
1290
153
93
52
147
179
1189
249
52
506
367
722
159
159
154
398
4
366
123
1239
412
32
245
2521
925
952
213
40
89
184
3723
90
49
160
250
50
1068
402
214
208
1385
18
47
414
76
60
61
1375
214
913
38
68
671
20
144
117
48
184
510
55
87
327
7
207
836
93
347
473
890
1449
52
24
45
72
264
140
34
1828
1554
145
180
27
761
134
1636
18
12
36
36
113
124
26
82
90
103
61
47
320
45
117
211
763
944
68
761
19
1056
304
342
469
191
217
65
33
2730
389
120
73
44
35
534
1161
69
61
54
56
832
32
780
80
267
5049
262
909
298
19
1080
73
192
314
34
57
313
1034
81
425
242
13
233
81
53
421
131
556
550
462
310
313
961
42
294
140
286
21
647
223
49
148
277
226
81
98
74
35
330
130
523
16
979
248
151
22
228
28
170
57
43
43
65
87
3071
1133
1194
471
114
917
192
971
49
320
268
166
1466
135
7
11
971
13
118
530
149
30
813
221

Priemerny pocet mnichov je 418
2667
105
104
163
1750
323
2889
