144
46
244
182
567
86
1116
696
326
323
630
40
103
228
563
156
34
479
214
24
98
272
44
144
1711
35
165
73
710
15
43
37
83
272
367
145
340
43
7
183
198
1225
104
478
40
1284
78
195
27
904
30
615
223
22
403
273
140
24
112
288
308
42
215
3245
176
784
39
87
628
93
231
1097
42
2128
6571
163
15
258
28
733
24
17
560
190
143
142
138
153
77
272
58
61
37
350
363
161
380
31
122
249
3304
91
859
547
187
125
39
94
34
254
2291
1365
152
3420
227
63
143
44
102
61
41
620
764
147
68
374
311
333
961
11
1410
184
212
108
52
545
380
522
226
32
273
872
281
50
138
139
865
4
24
132
104
82
361
167
346
457
1607
106
74
35
106
314
625
363
186
406
344
75
104
75
43
166
990
356
256
69
128
63
1019
294
457
964
177
7
393
369
533
1191
28
80
690
116
223
445
276
40
221
53
40
432
154
318
15
2319
336
78
731
801
95
109
519
158
104
1160
82
188
114
223
1673
65
42
136
496
966
16
30
266
131
28
18
8
1330
77
79
1889
199
71
246
24
25
80
161
59
235
51
60
111
569
174
911
506
176
45
1304
133
669
52
1480
680
73
502
910
1010
34
340
79
325
4585
61
29
58
1892
491
661
48
113
207
890
2448
236
11
84
1143
56
90
1149
132
0
50
44
64
55
19
33
38
99
72
113
198
467
1239
3038
1032
53
352
82
1717
682
143
204
101
77
162
34
104
88
177
687
11
41
73
108
32
446
55
16
74
16
52
2092
2031
375
170
43
41
65
394
330
523
199
122
619
260
94
367
378
53
299
307
1009
160
317
1067
11
647
307
179
136
166
530
1515
360
77
51
364
2089
22
102
20
1183
708
220
31
275
165
611
567
431
9
50
539
1089
518
685
304
100
13
2923
602
33
129
111
272
26
27
19
880
1986
417
50
23
103
444
19
12
764
26
2831
99
52
707
22
63
83
64
15
42
224
76
26
323
134
1400
210
72
115
73
27
102
495
731
133
387
830
80
21
53
439
1022
341
29
153
47
1220
22
513
0
661
103
60
122
1264
22
3291
43
53
303
21
28
299
240
22
24
32
46
47
251
244
1616
102
92
1048
170
19
30
100
158
12
834
329
35
675
133
14
60
229
170
144
567
3409
36
295
73
235
145
563
200
300
87
170
78
303
388
201
205
22
108
23
387
98
143
4
222
981
503
31
447
8
725
40
2316
203
37
31
17
15
293
317
132
351
141
826
283
220
56
128
288
13
219
22
146
2322
52
10
500
929
48
35
69
236
215
78
50
142
1478
431
288
48
122
96
57
109
48
338
18
143
610
0
47
85
190
151
580
58
146
45
1842
28
67
79
58
10
268
351
278
79
85
424
669
499
352
503
70
693
778
6
50
30
28
21
899
64
262
440
81
238
1257
64
97
419
232
186
130
264
228
381
301
761
164
51
280
833
31
34
309
233
395
57
1013
331
34
72
136
99
1282
95
118
59
67
57
352
183
70
172
215
39
146
17
384
388
444
68
584
1756
113
109
440
755
351
266
378
213
351
39
724
34
108
191
241
1729
1260
504
352
38
960
561
118
11
54
117
164
410
152
159
94
204
359
13
482
5
387
28
505
380
31
118
11
825
1216
86
107
572
167
585
2170
1547
33
446
88
47
18
103
47
522
523
162
598
704
19
160
398
27
59
9
85
65
57
109
132
255
492
110
424
24
917
24
221
482
80
270
10
12
1194
494
64
41
31
209
42
306
1686
26
1090
153
108
17
236
119
75
690
792
686
218
1390
1635
39
10
197
350
288
402
347
384
1831
32
2935
164
58
26
298
125
581
41
218
72
83
12
137
420
508
98
116
230
56
1470
809
117
1160
162
1065
424
1167
157
501
31
117
227
669
40
24
168
119
155
14
81
197
118
102
457
24
44
2128
1734
793
322
954
192
152
7
152
17
156
74
36
1202
40
428
182
34
107
74
289
84
545
450
155
104
58
59
43
113
344
63
1178
250
20
426
5
715
71
176
537
390
52
502
212
678
48
152
47
779
37
889
1284
2331
369
206
137
133
3013
1833
99
24
86
55
2983
95
26
185
299
415
122
42
5
29
14
28
17
31
257
1274
50
182
429
93
544
603
46
7
80
23
162
103
89
87
104
29
130
487
1
21
149
45
990
401
62
53
66
2129
33
15
158
842
157
240
17
22
111
256
352
59
6
39
398
364
193
125
226
792
71
1473
499
292
261
224
71
669
50
113
37
301
258
19
28
589
59
99
203
86
114
79
234
1264
42
585
38
189
13
95
135
40
152
29
60
79
86
833
109
105
171
163
343
730
706
191
254
140
34
30
137

Priemerny pocet mnichov je 359
