82
415
101
91
254
215
38
100
15
353
13
53
187
49
751
29
210
88
803
24
13
3083
102
15
1353
87
749
203
15
267
36
15
167
153
61
36
19
28
1107
111
1086
481
344
280
221
274
537
29
10
320
242
30
632
96
108
108
156
265
50
40
1298
116
1256
67
140
121
386
253
273
170
5
121
98
11
169
37
70
1132
33
1164
340
53
462
745
116
65
2814
20
652
370
827
55
237
61
891
681
522
227
4
133
1271
125
831
210
664
127
7
60
305
492
307
509
1247
2918
1082
139
51
317
392
107
326
185
431
16
240
58
598
19
463
661
191
140
214
666
32
226
27
73
257
132
33
326
172
2401
53
1882
324
197
110
478
341
283
157
75
832
64
2622
121
17
668
146
123
326
624
19
223
481
78
66
1068
17
286
219
97
894
63
618
112
34
781
120
99
35
27
183
46
68
105
110
249
43
31
10
338
307
209
9
108
29
450
1440
233
67
2999
973
0
86
161
99
228
218
23
74
38
473
41
38
90
600
2408
1002
60
172
280
99
18
262
11
382
20
223
53
148
390
80
340
78
190
149
31
189
100
16
543
431
129
31
92
86
70
179
146
53
126
1741
1052
20
15
137
450
184
151
36
112
76
444
118
17
1058
790
82
16
51
124
103
1011
69
130
17
4
43
2643
1805
276
19
19
8
129
15
17
57
64
146
15
485
332
599
34
9
135
117
240
1504
88
14
39
162
62
165
166
1245
39
128
101
86
335
43
368
126
342
85
445
92
32
132
62
133
73
360
188
325
697
87
47
193
59
99
56
525
234
86
754
460
2439
170
80
49
45
41
396
138
114
139
25
756
212
64
152
503
24
10
176
64
38
561
1046
871
917
308
1179
362
310
27
55
118
156
190
111
93
23
1154
299
396
34
419
411
2048
90
115
111
35
357
45
482
79
141
614
20
246
35
53
378
13
148
60
161
98
51
255
803
14
92
943
22
475
379
206
521
56
1211
82
217
251
94
308
98
398
398
74
139
228
2595
669
40
107
357
133
73
1223
100
180
789
2899
181
22
76
34
167
301
68
50
326
10
1393
818
78
361
69
60
723
54
51
97
30
42
147
497
97
99
44
63
1827
606
139
31
1884
66
120
63
219
44
72
263
32
482
130
74
1991
16
232
220
51
739
308
3453
190
394
358
157
360
85
527
38
28
999
158
77
63
49
347
258
88
372
204
745
24
182
529
1339
2106
88
1523
169
234
1409
136
598
334
123
634
21
682
102
288
74
353
69
250
67
207
147
151
27
195
240
82
241
187
21
308
59
1142
478
168
55
191
12
331
410
501
35
200
37
34
49
1396
126
42
1570
31
35
175
80
437
432
97
32
151
358
38
2
173
1221
580
789
48
1315
81
134
182
262
199
158
10
121
985
221
146
38
387
27
3550
931
129
128
126
619
53
857
1101
1043
75
478
18
9
67
152
6542
693
127
40
1536
28
187
116
46
282
207
892
510
79
383
257
48
720
93
454
2206
366
181
361
1352
89
48
184
1002
27
101
250
97
39
37
996
595
596
988
1199
868
157
122
65
1
8
35
79
4
186
301
66
47
1870
411
923
307
207
40
62
28
238
73
311
287
18
95
1292
155
1259
565
794
58
106
22
30
303
49
86
38
2122
16
672
1552
405
136
324
76
4550
294
72
65
240
1559
1446
207
1183
105
654
48
179
170
88
90
550
51
390
9
178
77
3037
1029
391
47
1543
96
90
66
43
34
112
722
65
379
139
849
200
9
209
190
156
46
240
101
43
1044
510
189
225
11
791
29
30
297
553
1085
212
20
509
70
18
1027
39
231
920
1364
216
46
21
764
124
416
1315
114
30
148
52
51
117
38
239
132
98
118
35
653
13
634
1174
208
54
120
286
34
329
53
76
376
95
839
14
126
117
357
12
38
83
311
55
79
41
116
110
9
418
133
399
36
45
599
159
200
37
806
127
62
362
473
35
1211
85
29
53
24
257
73
159
1
43
347
192
72
28
438
56
1193
98
757
70
31
65
128
128
231
98
122
0
109
180
124
55
237
48
54
258
487
72
240
195
262
148
109
46
141
213
174
42
394
104
206
62
444
358
3884
879
85
272
1635
65
11
962
50
317
33
50
43
65
460
269
77
388
31
154
48
40
164
148
217
130
374
130
488
43
274
558
940
16
119
157
190
1425
1416
1019
241
1392
319
102
360
24
39
496
843
1025
197
57
119
81
989
35
38
323
48
340
38
66
83
59
24
315
2755
52
30
693
370
49
241
753
129
603
124
7
517
395
1397
107
808
13
1067
40
57
36
744
219
2406
24
313
75
1672
25
1452
158
284
245
60
105
9
39
260
21
44
370
512
139

Priemerny pocet mnichov je 352
31
4
156
32
91
59
321
19
85
116
155
80
242
288
61
116
67
27
208
19
17
170
80
568
845
357
58
408
22
51
302
190
1198
100
83
1001
1317
6107
715
1861
2031
864
268
131
2663
52
2644
2057
3669
2641
4285
93
68
1606
368
5249
1222
3578
2221
434
1587
245
103
2104
1578
323
1140
87
1536
139
294
1645
1322
1568
855
900
1767
2723
2650
1849
39
230
841
1717
1465
99
515
1503
1806
103
2832
3089
376
2210
4683
589
714
1156
1163
1868
25
967
690
3139
3975
1741
3402
884
183
1799
5403
1397
70
41
834
580
5505
284
476
1706
559
470
2845
1380
7
925
1172
1440
4109
367
3359
1487
785
1234
1798
4509
710
350
1089
218
2251
1751
1152
619
1010
770
1534
82
213
438
730
1666
544
226
4342
95
994
2324
2530
902
190
1812
1728
394
769
1430
2152
1697
294
1296
2940
2379
199
4030
926
395
1284
299
2225
1346
212
2342
131
514
271
6332
3
1044
6098
2859
203
432
213
424
2394
78
368
1888
113
962
881
411
119
803
2175
976
98
1472
1236
256
1204
488
223
474
1351
2708
90
745
325
170
219
41
87
474
59
1241
215
2158
1019
74
483
149
818
722
870
16
336
910
228
373
3078
272
494
257
714
437
414
65
936
659
502
409
520
14
2927
61
3119
212
1431
1191
2285
155
734
1656
1037
2581
57
91
564
147
171
3316
161
120
14
506
50
1653
214
2414
5089
693
2053
2035
1377
89
43
154
431
417
263
399
1146
1225
