249
753
43
199
147
1326
5
45
163
125
187
391
81
25
9
1760
157
6
15
530
22
0
116
544
411
49
125
714
6
99
565
1434
4
1336
63
373
18
64
843
33
2
12
47
48
520
26
55
27
177
213
505
89
17
19
2123
351
114
2978
192
9
155
28
111
283
151
356
296
266
717
239
662
33
7
92
18
4
77
11
14
12
27
29
202
231
362
45
5
1153
196
149
737
388
240
821
5
0
407
152
32
260
2
1510
575
37
5
79
1178
345
88
6
518
154
3
16
1066
432
11
392
16
186
6
88
124
129
612
233
14
17
12
721
21
403
111
442
88
154
49
7
225
10
127
82
129
92
317
533
1126
8
529
9
348
6
517
3
216
25
97
11
290
72
580
393
15
628
574
99
0
378
86
9
1110
381
886
708
797
151
2084
408
206
189
116
168
1440
3
48
83
401
542
50
1441
202
996
240
337
4
532
847
313
3
657
